distortion:
0.107289 -0.090604 -0.038566 0.019599
projection:
573.781677 0.000000 319.500000
0.000000 650.276917 239.500000
0.000000 0.000000 1.000000
error:
0.819418
