distortion:
30.343121 -6823.860352 -0.033790 0.457576
projection:
4557.467285 0.000000 319.500000
0.000000 3679.839111 239.500000
0.000000 0.000000 1.000000
error:
2.040819
