distortion:
-0.222777 0.655699 -0.001468 -0.007784
projection:
599.980591 0.000000 319.500000
0.000000 617.369995 239.500000
0.000000 0.000000 1.000000
error:
0.870418
