distortion:
0.027503 -6.402504 -0.010544 -0.011856
projection:
967.203186 0.000000 319.500000
0.000000 952.594604 239.500000
0.000000 0.000000 1.000000
error:
0.542116
