distortion:
-0.827791 3.454296 0.017709 0.056326
projection:
788.743469 0.000000 319.500000
0.000000 823.539917 239.500000
0.000000 0.000000 1.000000
error:
2.389628
