distortion:
-0.252495 5.837168 0.018015 -0.007573
projection:
998.449585 0.000000 319.500000
0.000000 948.482666 239.500000
0.000000 0.000000 1.000000
error:
0.916350
